$inputs
dt=0.01d0
x0=800.d0,y0=0.1d0,z0=0.d0
v01=0.d0,v02=0.00036d0,v03=0.00035d0 
M = 100.d0/
$simspecs
boxsize=10000.d0
T=20000000,cut=1000/
