$inputs
dt=0.01d0
r0=2000.d0,theta0=1.57079d0,phi0=0.0d0
v01=0.d0,v02=0.00010d0,v03=0.00000d0 
M = 100.d0, J=50000.d0/
$simspecs
boxsize=10000.d0
T=20000000,cut=1000/
