$inputs
dt=0.01d0
r0=800.d0,theta0=1.57079d0,phi0=0.5d0
v01=0.d0,v02=0.00026d0,v03=0.0001d0 
M = 100.d0, J=300000.d0/
$simspecs
boxsize=10000.d0
T=20000000,cut=1000/
